4125731
3683040
1043937
2434405
4481094
3705896
4583437
4165213
5825801
1074263
5882822
1023561
1047656
3992876
1176146
2453234
4419213
1110847
3249925
5868215
2473615
1007803
1012043
5933315
5852831
3977696
4455483
3830115
1162748
4415960
2528946
1176400
2470428
3989715
1024093
5997272
4079981
5841164
4018307
1097534
4508255
4422350
4586376
4006444
4561208
1044344
5960065
3839470
4470175
4006651
1187810
3949756
4079467
2431460
4482822
2510671
1038102
3848678
3782970
4452972
5810541
4195589
1123828
1035331
3814906
5812739
4401872
4483176
3903485
4568883
5924753
3905708
1013780
4086470
2580726
2567936
4437987
4522346
4103208
4558329
3714101
3930356
2458591
3841840
1118402
4140491
5883917
4554028
1094573
4463038
4422437
4166628
5961109
4581573
1117103
1015307
5887313
1008027
4120333
1127529
4505995
4583382
2541070
4172426
5936960
2556959
4497434
4059464
3973629
1114543
4421403
3914073
3690251
3830902
4046050
4427145
2424255
5951569
2518198
3939792
2459878
3321337
4522411
5958408
5850000
4566638
1164468
5932597
4488607
3807181
4021214
2510158
5886669
5968709
4570028
4557212
4057494
1033608
5943563
5983333
5885494
3608534
4522381
3953943
1048560
4599550
3917055
4542258
2420296
4077079
2541372
5997408
3896673
1104927
1017242
3783743
3774466
2483653
1099378
3826358
2460366
3737729
3896560
3929050
5912112
4539453
3943953
3905782
1092468
3995669
4477154
3668313
4081047
3298216
5816798
3814656
4443405
3920455
2521949
2547851
4577512
5815132
3854964
3744158
1195277
1015806
4407177
5887974
4037827
3943550
4410846
3863839
4152440
3267206
4535100
5990388
4470606
3905452
1190645
5956966
4103352
5876192
3822888
1043897
4002094
1064059
4026970
2521667
4544518
3728091
4422044
3201948
5997112
4550926
2586383
1075058
3224403
5811915
4447373
2591906
4503325
3978427
2491911
4467032
4009465
4034492
4439230
4547997
3859578
3945403
4446448
3370165
5858241
4445730
1118790
5809530
4546811
4524843
4147190
1096149
4502811
2486553
3347119
4586215
1079911
1129861
4435953
3836926
4566255
4435539
1145104
2587878
3814625
2502462
1149497
1033307
2518697
1042935
4554302
1129776
1008084
1072054
3377118
4010523
4088143
3886785
1006393
4455871
5374087
5987957
4439892
1027866
4517288
4015831
2598346
4105254
4507012
5872856
5962244
2418491
4590061
4485826
5810973
4458618
4523194
4180571
4527394
1083597
4038256
3811978
3249208
1103400
4194146
4110987
4533648
2475210
3965419
2589573
3952215
3848195
4018737
4494897
5879247
4405037
4537248
1060242
3210614
4515860
4460826
4575475
4511981
4096337
1013844
1148902
4455474
3848412
2556826
4029231
4462859
4585698
1098995
4024283
4575426
1197269
5954441
5939097
2565937
5921377
5969765
1061858
4166676
3275448
4464190
4178381
4460502
5821410
4473033
4145258
4024036
4422299
3942253
2510688
3235229
4491070
1080513
3832452
3908250
2489175
1170506
1056604
3947210
3750291
3981956
1187321
1159292
4465715
5925651
5893435
3910089
4111100
3202634
3258235
2444180
2490344
2442455
5991658
1062041
1023679
2527010
4434638
5391911
4584071
3915587
4078278
4487161
3846624
5919469
1156722
4457242
1078834
1142260
1181162
2511926
1013947
5979717
5331216
4123384
3807714
1143132
4423493
4466094
3908519
1141286
5886263
4569849
4579198
4543814
4489372
1112734
2591573
3996267
5949497
1146299
1133855
3941943
3971489
3703663
3904178
3942990
2480202
4052873
1151729
1063622
1047340
2422908
4131891
4065574
4001025
3386355
3940217
3607404
1101554
1078950
4502655
5987588
4443437
2506856
4532136
5916854
3365405
3383198
3365810
3945051
1104881
5909311
4414857
2471142
1028210
1169560
3746733
1099753
3718300
5873241
3915859
4130636
4413302
4104129
1126169
3254819
4444452
1085801
1004417
3670189
3907940
3388480
5812383
4448390
1064715
4574483
3918794
5930427
1039630
4456107
5968690
3819666
3272954
2587388
4199661
1142402
4119311
4178958
4455900
2591063
5997421
1098570
5951705
3952487
3801381
4462085
4487301
2408877
3312931
1137655
3908942
3989342
1042136
4492248
5899027
4554246
4506211
3991794
3798464
4463115
1194142
3881248
2518090
4140301
2558648
1131568
3988610
4164937
5896056
3832136
1002729
5951145
1014158
4057947
5961972
3271473
3241967
4427273
4538204
2496947
5856627
5993624
3282243
4074927
3952294
5958683
1053781
2550545
4579331
4113602
1128317
5947840
3810064
4445077
2565140
2591153
3931862
5816591
1082940
5902607
5948973
5815448
1162115
5870208
4056741
3321966
5889771
2459320
2524614
4154880
3774287
5874464
5926500
4102689
3895677
1136522
2489472
3955012
3840575
5992033
4475217
3931702
5891999
3685153
4177566
3787649
1034370
3276677
3996350
2551126
3971882
1048733
3321274
1015018
2570529
4579236
1055417
2418250
2571828
4587953
3343873
5803297
3792232
5812907
2555939
3221108
2584892
4192411
5993080
3817751
4068641
2409514
5879317
4486550
4182936
3801101
4111974
5881576
5806919
2554748
2496054
3359041
3904218
5942312
4595958
4538257
1045208
3371697
2458820
3371494
2443852
1025404
4484950
1151587
5978374
4483975
4441236
4171477
5813912
4441137
3619366
3984968
4597966
5969461
5832297
1107814
5926618
4180663
4501888
3985283
4597188
4459433
3956356
1085048
3889108
5369067
5849968
4173405
1182989
3897557
5897020
4135714
1087639
3717634
4113303
4510005
4493125
2483936
1020723
2538507
4055785
4550510
5919671
4475143
1095964
5909169
5807258
4594455
1142746
1183025
1114842
4152791
3935164
1004792
4494067
1110057
3883514
3208571
5855666
3921958
1060845
1174535
1150606
2444993
4009123
3964428
4091833
4544209
5921962
2551909
4410835
3381930
2503741
1189256
1103602
4002768
3269888
4416251
2446963
4103692
4536079
4588639
3228270
1005919
2518210
4405285
5946506
4594469
4094343
4408220
2515060
4546986
4419520
3205875
5867437
3286526
3959832
4483621
4465047
4419559
1078626
4486964
3964452
1034274
3952563
3819101
4595569
4033641
4419173
3868034
5878186
5886897
3934746
4455615
5852823
2594467
4481910
3700982
4030694
2494676
3357812
4432661
4087576
3954786
2572088
4402665
4451676
3913090
5986393
4028738
3985370
3864748
1171680
3367110
5899837
3734703
1190038
4112514
1078828
4478971
4123793
3927231
5948703
4413028
3843871
1162440
4422252
5875710
2542906
4076745
5991468
4477190
2486769
5921075
5816572
1125348
3813367
4423556
4453516
5987437
5950352
3308404
4420206
4524967
3851204
1023264
2474188
1055747
1112063
4099125
5822690
3880036
4028904
5991557
4525978
2518674
3912259
5941868
1002295
3966027
2478635
4463680
4444467
1089954
4552019
1023816
5869813
1185517
3949299
5833779
1124023
4537482
5847717
4512370
2481119
4194877
4405714
4176829
5812360
3938280
3853840
4560247
3943539
3824372
4484416
3385615
1185631
3806754
2588125
4588548
4084105
4478466
4484364
4597402
5950983
4464850
4549684
3387763
3977963
1074543
3804441
2497322
4107629
1010195
4095984
4452716
5888195
2459710
5888044
3829504
2456718
3621614
3831188
3910855
3825397
4046389
1040890
5852183
4018786
1045870
4462145
5956790
4408903
1184458
4517862
2576438
5965323
4554235
1163134
1021202
5865777
4425297
4576827
3888926
4424676
3902643
5978338
5907411
3895958
4596426
4531781
3885082
5832091
2579588
3927489
4146754
4518791
2541839
4568998
3391624
4164744
5887886
5905867
4566875
2554009
4487436
4544495
4581287
4525782
3890276
3878259
1019488
2579405
1022157
4425473
1060069
4482275
4474453
5991994
4460683
3634063
3354754
4450979
1000443
5900903
3959697
2447667
3832169
1123617
3247777
4431033
4415671
4430882
4062841
4158321
2528270
4411260
1188853
4086783
4463601
3210779
3265838
3886455
3833349
3929664
4517478
4046288
4138716
4046730
5981912
4106514
5825518
5933514
3761087
4028533
3948967
4539725
3757855
2480572
3928875
3955627
3977020
4151214
4092521
5844033
3844192
4013245
3996382
4525895
4449553
3921176
5819654
3842724
4019457
2468558
1002814
3200298
3787135
3961817
3904771
5806561
1004714
1071980
5950294
2486772
4584169
4436824
4099094
2595043
5923069
4514752
4096644
3914898
4183362
4412743
4475680
4165709
3998927
3808988
2582837
5945744
4022042
3653022
4553463
3962839
1111771
1154803
3823025
1185452
1131906
1120758
3838135
3962574
5848806
3811065
5841063
4014766
3877404
4445773
5827390
2516754
2515601
3245412
5878340
2520195
2518906
4465830
5869562
4088878
4579844
5883615
1139724
3975366
4552988
2589568
4599515
1154437
3340590
3992644
1027952
3801346
5950161
3801865
2488801
1007245
2509041
1040703
4425329
5899367
3298608
3630651
4561189
3347706
4563574
4531557
4427202
5907591
4433294
3308392
4471319
2471160
5937521
4460799
4508248
4584006
1150221
1105778
4092067
2419828
5993330
4539116
1102382
3942662
3326536
3876618
3975904
5900534
4045532
3326989
2453547
1120433
4172877
3829939
4040112
4505496
4455712
3808728
5934532
3910093
5891417
3330700
3909114
3202365
4468614
2481788
4556680
4516470
4549279
4472104
4121091
1160946
4557241
1009341
4078246
3996089
3728402
4407598
4046233
1199923
4591418
5929482
3805074
5953884
2470136
5874377
3918618
3279607
2523573
3916525
1130982
3300369
4467245
1018286
5360127
5924615
2513708
3778570
4185820
4598065
4565312
5877583
4030018
4441906
4197102
3261325
5866375
3979522
5862888
2516675
1103432
2405491
3222214
4417304
4038192
2520321
4172417
4166769
4073945
3641920
3220116
4444014
3982533
4570856
3898434
3244594
4572841
4096274
2450801
1110510
5857225
5905147
3925388
1107820
1007184
3824475
4453078
3843456
4181258
4412907
3836322
5821051
3943842
3941658
3971154
3843682
2439637
1033712
4124039
3247593
3892039
3875771
4199994
4189717
5872488
2566985
3358622
5976324
3392411
4051828
4410724
1149888
4595456
4114973
4488350
4403778
2453252
5898120
4137457
4059394
3832895
3376647
3900609
5959111
4593439
4586812
1078562
5905353
3745096
5807217
1071627
3802471
3245957
2479285
4089833
4589703
1010533
3659131
2402517
1058490
4565337
1136762
4160503
4526490
1021932
5888093
4078717
3894424
4405821
5979368
4008298
2415990
1025570
3819888
1136723
5821740
5998815
4516506
5819315
4599726
2558744
1185148
1152700
3284859
5964256
2582345
4157367
1145539
3339701
1026801
4162889
1000933
4015233
4459744
4483503
2589304
5863601
4025713
4597899
1187654
3370171
3989623
3334378
1089237
1110569
1157583
2582522
2456221
2441000
3999085
4410703
3961112
4149481
2513298
5832781
5986702
3244539
2469912
2542530
3960337
4585142
3981469
5891747
3900304
5925706
3828704
3222454
1043842
5958379
1126428
3852817
2432897
1024848
3844540
4184144
5977977
4522989
1187918
4169909
3813805
4549400
2487990
4072725
4448378
4526008
3227908
4484523
4471926
4159509
5314560
3813960
3838560
3289992
3729785
3946798
5878112
3947137
4026327
4060941
4519438
5321338
3969835
3811445
3848709
1038848
2543288
2562600
5911285
4546726
5910677
3840696
2496625
4056216
3933591
3953763
1136853
3840020
4461775
3917087
4579203
1173609
5937351
4520477
1081938
5967829
2436398
3898286
2481310
3988327
1166691
4536741
5880309
5801918
4180245
4560885
4548663
4488887
2400902
3346159
1084485
5921690
1119376
1048771
5953679
1122665
3862075
3813692
3305761
4479478
4439503
1177876
3319802
3961799
3928701
4432579
5988455
2507448
1126374
4101360
4522608
4496529
3994817
5988352
3366388
5911119
1166758
4479214
4400447
3997478
4594620
3972170
2575522
1069258
2413025
4150092
3980138
4585407
1062135
1164658
4572554
5983388
1165799
5973287
1034364
5913220
1179349
4459099
4099375
3616018
4074772
4085856
3243259
2407799
4403518
1111733
1060977
3862228
5928896
4522975
2479432
5876600
4459254
2545681
3833897
3218269
4420435
1077963
1114941
2580577
4432305
5354065
1102797
3998293
4400577
4576766
4578050
4438553
4402911
3871234
3968753
4050890
1192708
2477522
4466393
3884103
4030569
4461508
1045886
3616741
3757343
3958288
3236702
1002438
4029303
1062324
3980160
3271626
2564965
4572487
4422810
4444868
3931481
5980054
4597658
2441588
3886704
4492129
5903668
3816940
4580274
3880449
2477938
4588859
5925720
4048352
5994156
4508112
4467681
3653965
1038276
1151572
1030561
5884192
5916097
2462730
5902044
4458229
1146382
1009834
4481393
3903009
4052253
3695377
3371210
3924280
3312622
4535898
3975429
3338670
4493702
3908659
1032121
4542973
2599822
1056033
4494672
4075165
4507417
5984509
2438609
2467297
3654779
4555622
3835665
1114131
2553808
4543847
1079805
3887655
4157068
3650000
1031528
3604989
4131453
4087050
4101895
4558468
1007940
5861594
2451164
5830223
4538458
3872853
4500614
4517653
4520800
4597600
3834823
3349111
2567407
1031727
4582461
5916769
3303158
5982737
2526788
4458065
1097375
3804173
3792108
3912265
2578630
2470169
4571267
3879379
1059318
5828302
2426559
3958727
5985954
2564466
4147369
5909499
5861207
4434595
1083107
3870543
3269023
2488781
4470126
2475502
3335627
3965125
4519425
3727907
3311546
4052401
5860988
3861997
3870222
3861016
2404969
3903949
4497907
1193758
4120038
5804859
3974001
4109555
1160452
1176223
5953020
2446006
3998121
4404764
3955475
3633704
5910682
4459045
3830333
5985743
5836412
3888682
1064467
5957808
5991675
3939489
4420174
3257167
4005134
3749459
3875086
3924985
5823630
4515140
4515793
5924176
3843932
4420375
5941124
1177719
4508477
1122345
4014499
3695093
1024044
5935686
4461624
5824854
4461577
3833515
5869504
4453861
4579494
5828488
4125002
4537007
3684876
1118091
4078034
3337485
4494034
4489720
1160020
5948529
5924888
4497593
1069529
4006894
3271658
1144683
3276639
4009691
3672373
5992500
3981563
3947090
4063790
4167047
4485584
3209649
4574961
5825337
4416335
2423027
4160764
5846380
4569452
5811867
1081554
4413099
2506351
5983680
3243910
1060899
3226037
4482314
3218988
2444199
2435121
3906490
5993809
4581595
2541458
4568838
5828052
3205625
3245962
4506329
1118977
5834248
4151043
4051312
5888234
5969348
4578259
4034246
4545914
3909557
3388270
1189147
5835373
1176240
1055882
3882509
3293394
1070666
4472488
3393835
3858504
5875748
5892933
3969404
4145306
2512912
3961007
4570349
3802937
1124814
4060543
1027279
1089020
5947670
3828853
2556153
2595197
5964048
1184348
5981131
4068795
2446589
4582426
4524154
5899519
2471823
3714621
4188172
1007565
4056729
5934356
2535467
1039163
4086280
1071493
1030593
4037954
4139642
1061203
4576270
5858715
2505019
5852629
3968411
1141657
5352178
4193457
5972702
5331591
1181395
5818012
5923337
1129112
5879265
3899080
1095539
4549714
3353295
4517156
1012528
3868811
3888273
3359475
2415480
5811430
3906481
4592637
1072494
2520869
2553980
1073862
1080265
4418695
4174360
3341346
4135574
4472775
3966956
4527520
4485568
5956305
2513237
5849570
2405665
4485734
3825205
1079925
2514339
3885501
3274773
4007722
3348752
4528239
3893584
4095787
5928160
3875372
4163936
2529263
1076042
4556232
1139042
2415241
3832662
4174685
3363840
1031991
2401329
5849258
3984359
5843044
4054446
2585336
3292980
2454631
4165149
3990372
3832020
5835118
3304728
3934024
5905451
4577496
4030944
5861636
3816498
3807901
4483180
4516571
3941632
5932574
2445458
1069512
3318603
5990601
3918172
4499974
5897476
4150830
4076752
3744870
1160526
4023249
1021442
3607930
4407440
3662460
3806908
5846925
2581506
3860389
4561829
1078364
5834466
5928702
3959914
1189165
1007437
5901829
4562619
4191118
1073393
4053013
2549376
4536249
5830285
4406935
3318219
4577217
3873451
5806401
2492681
4120143
5844428
4126202
3201156
4010225
4077510
3846351
5833448
5887380
4027620
4160456
1192434
4415614
2563277
3755065
4432982
2568703
3869517
3770952
1169759
3381951
4441439
3345139
4512852
4551493
4146283
3934165
5851699
1039324
3370048
4584907
1036717
4408109
1169310
4439438
5954044
4175422
4477839
3813740
4081401
5853920
4548962
2479560
3396043
4542042
2407494
3673766
4513841
4536346
5802051
4016997
4419000
4130582
3980599
1193414
1042750
5890390
4526332
2497587
4533465
5805324
3772626
3848918
3989445
3817879
2420426
3989739
1192136
4495783
5970093
3854263
1167614
3311301
4168661
5945488
5829517
3633723
4419803
5943073
2440290
4547620
1112022
3984038
2419518
4579701
3901603
1126187
1149354
2453514
4437463
1113138
2487187
3826948
4578109
1078596
3943732
3966578
5909286
1191540
4406059
3920925
4517326
3371203
1031552
5870812
5869386
4591177
4541924
3224352
3644338
4472263
3877060
5325104
2432648
3901373
2430049
5930133
4187531
3918604
3831386
2520130
1006066
4587302
5942341
3255133
4421829
3957586
4499345
3814236
1122376
5821960
5329295
4559051
5897679
2591914
3812658
5960103
1130386
4459327
1177626
3933833
2488353
4003269
3993301
3752152
1043761
1083695
5822184
4144690
3941274
3242304
4044387
3825434
2521878
4147980
5991364
2595288
3800507
1078055
2550393
4036553
3815123
5826291
4054749
4501958
1099199
2405563
3221724
2509839
3856289
4474803
4496645
2464250
5942495
1115663
4564680
4578749
2449291
4510509
5928021
1195796
5984257
5826861
4402282
3336640
5805310
3898205
1191852
3899001
4452326
3815761
3879584
1085950
3961439
3956544
3212254
4433606
2583675
4468455
1190097
5928784
4147348
4467116
1058784
4167480
3958955
5804438
2517792
5976706
5919898
4537054
4467742
3217296
3847030
3226542
3861911
2519567
1171143
4512069
4150360
3840739
3831147
4085515
4421522
2507606
2462344
4134152
4134319
1015536
4409291
4072824
4480618
4096341
4497148
4509043
2591236
1180832
4539366
3948616
1003710
3923743
5929304
3695797
2492565
1077739
4429990
4538821
4404900
3845780
5879948
2410340
3815929
4052286
3966221
3939204
4563037
3221200
5874017
2561309
4491489
4592463
1186407
2424752
2516943
1015871
3947323
4565364
4056871
1143507
1105010
3856634
4139236
4439018
3655753
4198027
1032418
2506825
4143434
4010661
5894076
5857353
1159111
5826224
1169843
2442718
5862474
3968932
4049087
1128292
2576354
3362947
1063184
4416650
4492439
2464144
1103980
3241684
2541461
4058005
3942830
5818815
3897024
4528424
3232639
3986584
5900599
4576739
5975113
2591889
1160006
3824303
1083489
1019420
3998097
5976913
3769044
4423098
4438772
4550888
3833883
2521275
3806834
3842787
4491122
4541077
3850378
1011182
3817545
1164159
1036263
5827113
5910569
5398080
2424799
4590017
3702204
4572455
3820186
2473381
5814206
3738937
4078373
4539756
4498562
5978816
4426767
1034982
4484908
3931138
4105874
4506781
5946607
3829845
4506596
3818736
4471113
3933770
3832401
4426063
3878534
1013170
4058788
3812504
1170725
1027706
4581701
4091307
5838177
4059619
2517913
2486973
4409799
5829286
3947660
4492466
5994039
4408419
3213338
4116153
1099764
5996227
4523748
4127291
3964777
1071417
4019769
3302585
4562441
1093095
3966688
4432939
1064618
4479629
5812662
1148529
4561380
1082904
3891822
4511241
2441559
4158957
3261110
2537872
4139170
3798690
3359630
1120937
3957676
4536975
3832884
3885214
3829899
5816975
2408391
1018816
5884341
1015268
3885332
5835196
2553119
4146114
4157266
3868874
3814198
5364436
5825585
5919535
4588322
3908448
4472316
2597013
4591819
3882119
3616712
5811899
4507098
4523365
4114949
1107018
5913702
2459505
5924503
4536820
1075299
4119907
5858311
4432370
5967175
1153802
3966002
2598354
5955392
1012478
3842226
1172528
1095761
3701063
3272589
1187061
4057530
3797659
3866752
4497445
4067431
4450725
3824223
3893357
4528215
1079487
4024473
5976223
4472290
5846126
5862993
4565449
1065885
4040255
1125296
2512726
4055805
3875788
1135552
3204518
3202314
5875724
3257729
4146600
5980105
3820357
5820247
2475527
2567924
5890335
5829922
4539783
4425188
4019676
3700091
3222043
5815376
4040164
5837344
1102588
1149079
4050634
5928545
3859620
3863444
2593923
4453477
1045068
4034406
5970622
5999709
4485007
3806370
1003150
5983822
3675115
1186936
2432045
4172720
3368055
1148881
3711940
4594785
2570724
4059075
3757774
1115940
2446155
4584148
4573523
2480346
4161821
1008785
1130632
4442154
1198668
4043835
1114811
4114854
1033847
2521822
1003083
1198980
2532474
4452407
3836438
1016098
4155595
5899956
1111107
3219015
1146836
1096234
5962505
3714216
4107987
4094985
5951180
5954654
3834435
2583225
4111522
3815594
4473849
1047153
4541015
3925645
2433311
3859016
1151018
1072210
2468721
1181594
4596037
3332614
3823038
5851902
1067539
1071616
3991071
3840849
5923312
3973567
1134338
1000153
4415144
3984613
5837686
4141892
3740506
3818927
5983995
3940258
4589418
4505200
5942722
2470575
2584497
3247631
2525737
1057365
2581571
3944233
1016771
5845501
2424439
2438164
1068497
3256858
3249731
5846507
5885965
3682505
2528500
1094362
1170690
5866125
5805843
3881933
2459217
4579502
2567015
2492711
1155680
1183011
3313866
5909604
2504106
1194125
3242035
3372651
3308423
2557639
1113686
4538511
4182903
3847671
5852972
5813860
3852007
1152582
5971787
3839592
4520112
2470309
4471865
2440368
5974334
4442560
3851053
2505920
2513990
3364732
4439497
3865735
3813095
4061923
1198064
4458401
4571923
4534259
5939835
1144701
5918557
1149975
3898631
4196021
3972584
3948029
4128542
4432449
3974281
3251277
4515118
1088655
3889143
4469398
4166680
1056782
2570404
3637160
4056227
3392932
1010891
4511480
2521293
3342610
4476689
5899410
1142036
3896882
2408894
4470590
4469540
3364838
5815410
1135361
3250730
5997269
4052604
3644873
5922215
3939630
2579887
3275960
3865540
5823967
5978589
2484672
3952380
3990426
1124764
4476260
4099528
4583350
4157762
5965357
2565131
4465374
3964500
3376301
1018517
5803828
5824097
4491945
2545075
1119313
3644884
4116568
3247715
5975833
4403867
5859465
4024689
1086906
1119367
1126589
5977852
4483199
4471199
2572990
2499338
2468907
4060123
4096024
3938412
1030476
5872327
5866174
4159556
2481706
1005148
4587515
4559837
1189921
4556074
4158663
4547239
4081873
1080138
1152254
4110422
1014620
4481138
2438568
1141401
4007950
4407166
4134888
1121213
5832048
2455702
5826817
4415692
3836753
3890382
3800554
3843018
3861313
1198627
3972858
4134004
5931799
4522900
3960562
3816116
3204072
4517716
5937373
1044259
4560125
2452525
1145207
4501354
1160981
4464616
4095916
4441304
1124682
3822536
1152034
4450506
4400986
3840229
3356459
5879111
1045633
3932217
1034305
5936909
4458907
2439831
4566906
5828013
3822798
1088582
1187394
4158453
1128823
2497917
3811401
3991110
5906683
3735950
4492443
4454399
3893248
1071684
5944858
3847144
5926963
2410889
1036669
5842005
4184487
4568045
4538070
3323717
2442100
1103204
3698977
1076217
4432834
1103119
5993970
3913272
5933607
5825087
3989298
4566439
2411349
5800076
3980972
1050539
2457278
4551369
1156329
3204283
3997641
5974221
5943688
1056935
4435330
3938116
5953428
4169301
1048475
4565430
4111647
4188558
4548299
1114118
1011115
5853272
3839962
2444456
4063982
4024209
5931153
3701642
1125279
4569476
3863310
3815302
5988956
2567885
5835912
3282193
4551231
3389732
4560823
4568373
1073903
5955541
4427814
2548763
4477511
4524630
2519599
5883381
2527106
3355396
1091963
3921409
4472157
4447001
1005868
1109978
2406865
5806253
5979838
1157542
1114278
3333069
4127988
5904177
4427682
1067099
5961317
3914189
5983293
4486222
4431544
4592393
4038518
3347877
4419957
1099322
3399661
1020692
3774340
2401341
3987569
4012355
5949989
1059007
4428691
4181930
3203859
3959450
5959344
4480623
5994580
3935287
4491597
2425809
1132154
1067672
1068085
5960309
2563581
4108505
3973702
3808933
4178865
2401617
2480004
3895319
5931844
1153020
1008334
5855216
3360085
4532286
2474036
4554789
1041283
2588214
5964644
4458558
2435787
5914384
5809340
2539867
3932293
1071649
5933245
3338653
4585008
3817716
3735596
4422872
1133774
3952796
2555106
2598587
1141990
5976934
4164290
4548267
3975872
4484626
5973551
4494104
5945937
4109199
3964696
5946533
4163552
4092235
3927574
4499448
5868068
5957086
4542011
4100098
4168091
1166594
5948025
4416989
2503666
4465558
2566774
5936215
1162863
4438457
4470469
3857264
3381703
3826419
4060179
3949923
4553903
2413529
3382698
2469838
2593234
3932025
2552315
5877684
5806499
3295686
5986361
2505697
1014546
5807570
3976819
4067699
1192830
3368921
4115225
3977237
5907363
1038437
5895962
4151082
4051763
3887842
3206577
5837702
4441697
4066662
4174575
3302430
4469763
3904556
3952762
3984365
4137724
2524578
3927509
3357250
2475141
3815433
1084347
1008100
1025496
3706925
2493223
4440171
2431615
4032269
3385497
4512658
4420702
5837160
4023917
3996093
2493714
4582119
3878653
5877695
2567751
4461302
1158933
4420125
3935408
4147720
3878972
2444524
2428479
3985982
4130076
5835897
3365931
4564822
3299822
5987547
2410549
5937543
3701530
4514549
5963273
5899051
5876402
5918719
3667026
3873661
1013817
2438494
5966118
1050515
1155347
5867571
4420015
2473798
4455591
2412741
5925181
2442073
5944287
4550425
5982650
3837164
4541220
1053192
4429922
3968847
1113534
2566803
4149730
2469302
1189225
4537236
4540532
4454487
1188239
4173533
2459226
3883130
5953640
4583184
4480990
4018497
5990613
3763672
1090262
5851457
2573874
2500374
4024495
4023409
5828034
5838462
3970639
5862128
4490859
5925913
4453817
1170918
5838320
3606827
5935730
5996833
3821492
5974554
4056770
5900831
4578292
3660081
4491913
4411845
5955258
3902442
2553336
5984574
3291153
1050998
4415049
2455749
2531717
1101277
4444830
5969649
2592597
1104108
3235954
2513205
5963820
4091134
4549107
4408580
3353062
3233537
1112832
5803943
1129331
1160827
3993100
5839569
3626914
3285041
5830037
1168681
5838365
3969392
2451799
4168977
1096760
3921961
4122794
4541972
5946437
1045016
4441502
5888797
1018499
4494281
2599293
3923298
5956120
4525059
4023666
5906826
4413459
5926851
4564244
3994105
4007003
5926561
5864122
1154588
3960658
5948769
4125410
5865325
4112681
2446480
4057340
4031759
4416587
3613235
4586239
4591667
3913573
3279654
3977413
5952207
4133386
2424137
4525981
4507525
4593291
3380904
5880604
4597274
3291516
4186154
4080190
4483216
5943334
4485713
3958730
1076769
3803618
5936376
3823724
1026192
3805854
5977036
4402554
1127060
1063061
4531852
5803675
5892920
4500095
4441799
4133120
4118373
5808948
2558420
3872812
4512225
4130970
1035323
1135831
2580566
4167919
3802624
3312339
4506908
3986933
4423597
4533433
3995717
5957627
5839753
1014606
4466972
1016882
4125841
5832370
3788186
2456158
1023750
5824232
1083627
2472038
2526542
4541082
5812445
1037692
4423005
5819797
3953305
4039175
1058501
3961889
4099948
5801996
3690608
5821762
4447838
2526882
3822729
5881125
4126705
2493163
4149094
3884270
1190667
3875695
4186336
4012821
2473460
3838808
3379890
3928595
3722701
1077618
4439753
4517125
1076699
3847051
3848592
4049048
4147894
5955496
1000965
3923558
4074244
4199852
4106102
5860799
4526094
1188974
5970571
3661395
5936301
4547785
1006344
3955651
3854281
2582313
4032408
1175608
4091216
3740184
5902709
5921127
3663009
5832579
3963547
3960238
4577143
1140583
3985899
5895453
3362584
4133468
5969952
5814332
4169925
3953707
3909473
1005685
3373887
4524649
1045294
4577724
4416859
4403114
4520063
5890096
4521395
5879972
1097580
1142495
2586397
4580504
3916877
3212543
1077561
3214711
4437435
3850524
4535925
5906450
4181074
4182043
5374069
2526041
5920406
1044670
1159463
2563864
3295174
2451494
1016668
3217303
5943606
3265687
4554543
3831852
3293437
2522160
1024026
3370943
5950436
4149050
4573722
5864163
4134113
1117662
2467188
2453940
1152793
1037535
4005753
4402448
3202628
3819770
5891461
4515691
1026337
3837551
3867572
2422449
5949677
5896232
2404393
4573557
4457585
2482609
3393244
5991147
2480249
2458958
3258001
5863529
4572403
1137577
3954079
4189131
3202791
5865467
4548855
3883709
2401813
4587856
3348638
4477901
3812585
2567138
4429071
3888587
5999308
1089604
4091650
5860625
4514713
3957121
4143286
3388777
1110608
5878625
2418030
4464231
2435177
2406346
3849901
4051596
5887294
4558274
3928112
4104889
5904755
4580735
5889525
3971417
3384399
5844895
3981507
4590725
1187130
5926452
2483407
1063058
5825165
4473575
4548245
3923990
5899841
3215038
4106725
5850276
3712688
2576871
2523933
3329774
4585749
3367963
4431589
4044296
3350187
3830676
3937455
4599235
3939928
4403256
5840675
1104916
4139734
1031599
4012877
5964600
5936294
2530105
5810258
1125668
1001488
3238620
4405538
3828519
3923526
4572469
5899692
4480708
4579482
4029285
5939570
4526641
4578987
4581502
4101212
3891791
1181874
3246314
4477400
3902134
3990135
4422824
3349545
5959991
4533732
3847659
1157839
2479426
5868073
4079229
4410258
1084371
1080422
1195334
3864261
4120060
5892752
2513696
1181465
4426081
5952052
4495321
1176387
5989950
2484162
2449516
4024813
4550199
1062560
5887243
3876873
4021513
2464956
2548915
1162645
4199966
4033214
4557696
1128015
4494140
2409756
3229775
3854700
3754894
3268485
4151481
3776058
4169403
1079455
3282956
4082689
5931780
4542226
4592435
1125928
3743019
4553332
5363817
5960919
1028054
5838217
2516921
4189732
3925769
1053722
3888753
3277516
4422855
1066841
3265582
2590735
5975319
4549262
4166258
3376294
4408288
4501004
1062053
3912545
5376508
3236795
3248504
4570351
3335369
5947936
3258433
3819180
1014030
4087125
3901162
3272777
4032701
5898337
4087501
1094129
1001811
5910497
4512402
5950491
1086477
2496959
1095912
3906344
4086622
1101117
3928129
1121184
4434584
2537619
4004243
5938079
4572100
4513313
3823042
4540907
3990218
4440950
1015004
1011930
1189337
3892015
1197379
4557480
1171293
4492767
4188110
5935857
4107259
4400937
5892656
1149892
3998710
2521108
3932496
1020688
4128976
1144090
3979068
3315225
1189069
2597488
3969479
4092669
2536446
4498283
4195623
3304861
4586027
3855547
4411386
2430546
1121979
4187341
3901793
5896177
1119606
3899118
3805479
3941147
4020270
3375463
4541612
4148674
4537817
5923950
5880088
4453549
4113850
3822230
5804085
2417622
5957135
4419276
1061799
4099197
5951335
4111448
5896108
4121557
1010783
4574152
4190530
3341677
4014311
4068358
3972734
3950744
1023155
4027535
4484585
1042065
2584023
1043687
5977982
1017003
3908175
3894805
4025799
4132051
3863458
2570347
3856995
3979740
3789751
3811685
2402253
4101253
4442204
4109411
2533143
4512735
4531675
4177406
3878896
3855130
1080332
3274478
5809551
1081472
5807226
1089229
5903257
4550705
3310292
3213782
4434875
2419055
2475439
4565880
4457834
4105219
4515897
3996102
3315977
4467957
1171995
4129678
4596489
5835717
3865763
3907760
5859883
2477805
4191856
1043964
2450072
2561445
1145648
1100501
5875819
4406445
4133754
3881291
4168312
1133836
1192827
1051681
3940652
4465212
1139166
3783383
1057676
4179822
5834203
4428140
4421266
4169208
2564861
5818866
5828897
4513049
4493629
1100393
5818695
2539994
4523916
1115044
2450171
2591331
3930445
3900129
5871917
3915023
5941033
5913686
5801464
1178434
3983999
3799771
5988909
4532922
2538313
4541247
3871429
3261187
5992526
4164235
1117868
3954040
3813974
4521052
2576031
1119117
4460385
1042715
2556272
5841304
4548394
4134425
4017067
3955850
4579170
1114789
3761658
5939772
4566477
1064623
5956468
5819130
5895116
1156003
5961039
5963176
3837255
1182199
1099591
5949615
3874847
4573600
1135490
1103163
3997077
3387337
4185322
3394882
3828175
4552331
2454383
3823392
3953754
3850871
3855116
5965988
3930589
5925976
2537343
4058808
4564060
3829557
1081911
4493727
2582870
4115312
4063133
2591933
4403781
2426412
1060689
4035887
2581619
2543987
4546263
4552318
4116272
3850917
3901185
1175926
4099924
3819176
5890354
1121339
1071901
4154370
5917103
5806618
4404319
2427111
2558986
2568680
1092763
4560670
4090841
5816378
4515034
3901052
4164302
5936193
4463418
3234489
5922692
3840212
1111630
1039714
1157815
4579304
2461628
3837697
5840238
4584696
4522555
1179316
3874295
4598631
4578664
1189781
3327164
3601075
2546166
3257892
5858954
2493788
5929573
5804145
3937193
5333851
2489334
1127505
4546492
4485198
3359387
4021361
5811689
5993246
1089155
3910127
4566019
5836350
1182536
4423952
4437043
1048204
3894554
2406608
5844561
4452481
4452831
1031534
2431425
4558899
4463676
4593858
4132925
5868221
2493355
4050652
5957240
1199520
3866078
1198616
3346055
3773757
3969275
5810846
3716088
5905876
4061412
1151096
4472838
4198352
1096486
3869766
2593514
4475529
4466749
3306486
3717440
4557558
3250716
4451613
4446436
4581947
4105013
3366676
4577984
4483113
4454620
1057902
4032129
2439528
3999989
2432732
5812434
4167739
4536004
3320166
4593272
4482038
2447973
3844557
3886282
2412892
3838107
4402221
4117737
1026722
3981051
5826780
3381258
1164579
5309102
5907587
5827004
3608749
4162992
4560749
4064798
3972362
4542676
1191834
4561250
4495607
5358888
1017225
4551119
1033900
2443209
2547428
3984769
5934777
1057115
2473378
4597370
3945448
2479400
3996855
1096116
5895234
1097111
3992781
4020532
4494052
4150593
1057529
3341216
4550666
3312093
5981732
1057217
5859761
1040748
4496457
4428700
1129656
2438752
3943488
5813373
4127800
5920636
4188696
4053492
2501361
4537858
1030374
1151770
2587835
5807320
2530701
5819339
3609914
1116537
5934715
4007416
5894669
1161545
2507723
5817817
3810616
4502157
4061075
3982044
3940541
3276079
4413179
5852109
2522823
4426203
3977868
4527093
1014942
4110862
5852686
5818098
4010943
2574094
4474127
4411523
1099202
4409713
5921738
3934048
3880171
4536989
3228990
1104143
1017427
4540526
1176928
2458621
3238282
4421785
3251614
5945235
4475025
1038486
4556846
4188103
4038329
4509545
2470480
3804032
3382233
4563733
1064191
4180412
2598284
4542306
3361668
1103190
4129756
2477410
3916461
5956845
5960014
4566611
3873982
3233995
5846472
3624306
2439924
2517355
4566595
1194015
4051341
3807733
4013891
3318687
2412319
5856324
4014169
1162902
4519926
3993403
1090086
5848729
1077110
5977801
1168711
1197022
1043700
3887953
4484518
4497685
2433954
1125602
2525176
1023777
2437387
3987993
4186369
5881862
4445749
4038531
2445336
3899492
1043384
3760261
3336103
5930209
1012326
4415665
5912965
5944800
2449914
3979578
1058768
3276335
5995250
2495845
5961247
4491952
3711855
5964283
4527168
5935422
4478625
3972530
4083100
5834357
3388397
3340455
3352835
3349599
5906875
4171105
1192480
1035236
3321504
4547436
5812868
1081189
1075315
4492236
1066410
5873033
1197170
4086520
1032404
4406401
4407217
2469687
4076906
3931197
3343532
4581379
5891098
1120811
5858383
2406892
3948999
2443048
3899465
5999848
4510934
3938904
5905048
3836639
3816559
3829813
3378677
4015903
4005227
4583470
3373382
4463108
1057392
3375481
3205112
4545186
4557467
3903232
3372489
3968694
5815100
4505226
3943263
4430928
3909242
4492992
4115337
5819588
3828002
4410038
1186831
4190170
5879702
2483142
3968926
3918059
2581622
4428013
4150827
4587732
4006649
5852955
5988997
2505063
5849457
5913896
5930915
1151865
5939949
1037519
5977915
3813519
1146918
3829763
1087381
2584608
1060473
3937692
1085312
1173914
5814605
4195517
4189809
4065771
4123998
3817389
3942480
4454757
3977136
1185575
5901016
4541991
4570655
1124820
4409090
4162198
3379819
5842765
2423301
2581520
3299564
4035061
4083974
3704187
2542734
4159369
3315921
4079954
2517324
3899717
1067222
3803623
3777576
2455066
4190272
1032194
1062218
1094889
1070460
4193916
1022687
3845844
5926413
1166874
5886577
4061607
5895824
1087888
1047443
5312346
3973910
4539151
4134295
5857238
3971475
3877724
4009471
1086318
3898169
2426872
4003340
4178643
1139121
2448818
5839958
4548437
3964873
3815655
1025388
4400281
4016367
4028654
1175639
3214848
1027417
3903115
3339007
5831631
5906832
4175987
5896182
1198135
3326227
2552681
1108874
4147525
2430051
4547208
3859805
3922838
4588040
3205186
4570118
4408879
5888470
4558617
5812935
5867151
5846282
1047551
1066665
4403585
4137423
4088822
3948602
4159444
3858626
4104638
4147821
3955560
1055928
3975506
4510945
4068840
3804654
5865802
4137968
5318117
4472368
5320525
3335765
5843032
3941312
5953205
1135528
2457447
1044698
4059470
5802522
2436746
4401506
4417799
3644092
5809331
2470884
3231700
3859983
2407396
2595936
2521388
3980125
5837156
3246194
2453149
1062489
4087612
1189994
2446136
4123986
3211040
1002621
5970891
4187072
4588753
1177473
5881664
3260928
3361720
5917071
3804130
4420716
3945436
2412753
4402581
3736318
4413465
4448167
3800581
3862918
2504430
2564105
4508340
4169049
4458434
3825558
5848040
4428672
3812036
4495213
1195189
5917047
3751717
3628001
3894117
2547766
3950550
2445432
5991048
3954085
4498353
5850280
1184154
4499027
1029784
4048208
3832356
4198606
2429322
4034687
4528144
5906638
3750549
1069930
3837203
2536936
5857473
3376779
1168382
4462004
5948074
2490749
4435655
5819690
5898312
3892955
3288991
5896200
3917579
3230609
4409920
3327255
3340161
5915725
4591097
3873746
1146855
3733630
3811884
5996134
3972549
3802013
1028137
3759072
5804741
1079796
2537075
4004189
5946151
5868522
5830204
4455764
4573707
5834933
1046390
4182206
5889432
3956047
2466747
5994948
5808463
2550795
4139780
1055231
4131213
3825014
2452426
1092813
4579971
5875949
4003625
2508437
4068292
4444172
1016765
3919717
4547469
5850429
5963346
4408653
4479698
5332669
4496479
3849324
4026912
5870068
2580998
5808580
4592840
3353378
3918065
2594777
3365321
5902774
4440133
5988215
2570878
3976968
4593767
1012969
5988563
4013506
4590280
1068227
3308927
4092080
3945132
4130179
4022791
3942750
4108791
3805359
4566450
1137447
5990479
5333657
2430282
4451150
4506427
4101047
1125556
4000923
3830365
1086609
3660734
1157489
4528997
1099917
2425603
2563126
2564304
2469809
1161197
4523056
1125135
3360677
4552141
3224126
2412806
2432104
4022038
2462008
2579366
4035234
1112933
3977990
4144276
1044332
3836268
3375653
4594812
4402956
2489805
3997043
2513397
3879224
5357856
4016027
3814063
3948279
3878082
2522332
5819280
5891432
5975806
2434321
1097344
1178033
2408372
1031043
4456597
4449787
4543180
3834534
5982101
1001034
4142351
1129137
5839474
3769000
5863968
4454277
3236300
4512010
2552918
4472912
4039472
4531024
5879214
1115506
2515479
3974395
3840990
3294708
5957839
4457225
3809183
3241627
4568222
1185191
4022699
3853015
3988883
1080288
4496496
2481684
1182390
1174829
4135850
1015497
2477688
3908266
3981352
3754714
4027095
4456391
4460078
4089202
5861327
1167403
2589933
3869802
1117963
3245350
4470723
2495908
5995301
5885210
3278850
5940542
5873172
4059441
2461182
4033534
4088365
4543932
2445426
3924089
1199797
5950073
1136898
2425254
4502825
3305732
4545861
3929021
3924017
1084423
3815789
1168168
5929826
1099230
3913701
5925649
5948166
4146585
4575673
1034939
1149018
2444764
4011992
5913599
3992260
1086527
5983984
2500237
3903634
5852751
4413603
5982705
2443632
3945723
3894925
5990902
2519637
1074052
3367169
4147163
1133678
4552697
2567288
3740962
4539690
4518150
3971913
4048215
5970412
2400143
1169673
1196705
4109643
5991256
4468757
5803908
5904601
4565531
1028502
2518421
4583904
1112362
4180506
3936395
1085693
4042040
3839394
4104701
4500718
2528065
5919294
2500750
4574888
4100178
3814584
2575633
3605489
3821744
4111334
2551578
4409800
4542097
4081500
4053235
3996559
3961611
5900698
5866896
4432735
1054961
4138247
1097955
5964540
5952550
3969074
4492551
4419437
4466612
3807444
1033409
3981870
4486414
4584325
5933918
4450017
3388558
5998668
3832172
3903699
4486897
5815665
2411414
5875652
2525319
4133256
1141922
1198583
1133245
2582051
4444604
4543871
4570246
2435056
4598517
5862865
4486610
5811746
3994889
3295653
2436337
5805231
4507597
3321091
2560426
3225307
4590127
4595900
2554680
5945263
1128446
4520933
4135279
3884743
3953915
2425080
3904369
4161714
2515392
3803895
5873360
4571151
5863388
1116703
2534053
1049918
5987774
5930531
3984916
4194119
4459420
4092700
4422996
1129959
5920912
1120034
4599395
3269128
1070438
3931924
4104573
3884640
2550358
3937805
3261750
4003971
1129153
2412989
3948556
5881879
2560574
2400261
3912885
1178794
5868175
2425953
4454051
5804004
2440185
4085594
4017162
5815688
3311266
4049165
4462062
5815829
3331690
4558305
2547990
5868898
4579947
4589863
5995522
3221807
5800811
4007165
5942171
3373855
4583044
1140257
4551355
4425484
4107879
2478565
2456068
3849673
4014103
1030229
4426443
4544242
1157706
5850377
3285952
1095842
5851772
3944545
5972545
3849771
5890167
2581000
3615132
2567972
4576241
3654294
4436931
3639425
1065077
3880024
4577628
5956024
4068823
1106287
1007848
1182227
5986768
2462896
3827709
3744084
3304081
5908278
1069564
5937492
2515025
5868647
3841716
1057541
3840907
1056561
4417323
3968639
4035044
3952282
4574536
4567202
1169296
1113015
4113556
5801267
1063453
5897155
4435610
4488592
4568672
3803743
4466156
5969119
3313444
3995406
5968678
3977743
4168003
4095479
4107156
4050258
3839234
3750734
5315657
5997527
4451462
4128240
1175961
5929776
3823736
3945731
2420850
4593248
1141172
4478304
5991386
1101519
5926360
5842759
4431360
5950100
3375686
3675359
1000844
5867486
4419760
4449541
3804394
2457433
3804280
4066148
4554263
4017582
1191845
3274528
3947875
4163463
4496182
2496527
1003108
1183275
5818901
1038017
4166613
4456240
3831003
3854842
5803693
3324407
5824194
4594472
3382156
3999167
3980265
2495188
5338832
2585369
3975635
4528841
3362988
4525685
3827000
2469123
4186511
5860861
3906463
4105937
5995909
4564634
3376535
4452987
4031627
4405107
2480307
1014448
1095281
3850859
4590957
4421161
3825413
2428261
5884661
1022566
1099456
5973019
3888460
3372098
1166488
2493952
2536545
4105986
4500870
5868051
3364856
5937953
4576782
4522483
3853478
5806467
4012668
2505331
1054536
4434767
4432242
3338214
2529118
5865383
1037841
1028988
4576708
5907145
3872424
3908215
2528640
4470294
4187305
4475423
3816102
1097727
2563424
2537588
1179471
4452768
4010072
4501806
5856303
4458499
4402563
5966368
4127137
4524928
4053838
4401559
5982591
2455599
4528487
5925597
3761495
3995222
1072992
3845203
3313181
5844816
1081132
2469406
2585064
5823821
3254652
5826186
3729507
2407408
4177515
4121484
5962968
4493528
3298932
1199918
4549135
1047642
3972728
1149859
2526967
1146315
5918943
1184901
4587384
2467632
4582154
2595214
3312184
4422756
3934852
4528522
1034626
1051619
5954588
4154518
2566663
4485022
4455460
2495523
2541387
3748922
3964849
4452924
2430301
4438074
1184163
1071913
1096299
3269335
1153990
4415606
4473264
4565209
5993636
3837439
4526138
4586938
3988080
5869211
5835219
5951770
1183772
3922732
3836764
5929893
4111313
3862151
4406623
3863821
1173129
2576989
5820197
3838894
1149425
5826287
5869260
5933962
1094287
1022986
5813471
3875980
5804865
3901368
4470068
4448944
3617745
3342998
4104362
2426315
1141631
5978919
4188679
4574677
3890520
5902760
1191966
4492752
4448555
4571619
3212488
2497764
4032291
4139396
2428680
5987681
4525172
4073913
4550786
2464487
3718972
1166395
5816425
1088254
4481528
5811600
1031259
3975619
4414768
4107111
5846546
5998135
2515930
3976485
1007441
4468942
5941981
3858305
3868373
3372649
4478752
4566357
3965478
3969553
4413207
2425131
3210208
3945399
4562962
3647582
4404176
4518226
1179648
4555149
2458944
3648503
2593709
5941136
5980959
3999031
4177281
2552061
5991238
3204540
1138572
2589408
3279756
4521327
5923689
5888663
1000236
3722129
5910249
4131394
4109363
3895650
2533736
1148182
2477027
4160608
4074724
4563005
2438780
1040564
2585747
1012344
4582493
2537127
1045436
5968923
1106914
4137485
5843075
5930024
1125627
3870775
1004538
4023145
5947686
3854897
3932724
4441164
3818194
4015823
3322006
3800938
3883635
5812544
4487158
3898739
3858834
3996663
2561739
4500215
2524731
4407150
4596098
4560446
3742924
5917169
4519216
4418684
3673169
3908239
4514340
3830791
1123693
5809516
3960801
5813726
1048372
3380061
5891444
4513352
3908002
3278684
5998348
2415374
4092330
1041852
3877108
4050232
1175031
2452041
4172432
4467394
5891542
5973357
2410584
1070295
2473411
3950028
3654215
2452556
3973247
4516366
2545061
3839756
4428373
1183724
1119522
4502222
4482512
5856041
3966812
3819273
4423808
3922929
5956341
5880589
3934790
3926531
2473524
1061450
5847254
4124332
3938267
3805995
1095717
2417195
3689218
3366586
5935259
4407496
4582976
4513158
3762110
2438269
1053305
5992589
1080749
5855932
5927200
1188581
4594692
3686316
1088330
3857006
4594983
2403368
5851791
4580540
2434116
2534627
3815856
3917675
5829338
4489310
4517332
4432036
4531473
2469758
4045480
3857919
4540434
4403495
3981301
3977954
5900214
4523902
4523115
3283722
3690712
2416637
5807634
3810808
2566184
3881450
5323898
2547169
4439729
3912727
4038495
3848000
2491277
3257113
4571663
5939479
4566826
1143403
1188837
1054474
1041337
4526751
4067009
5862456
2512492
3839280
1147686
3206793
3802793
3883869
4045445
1139769
5924425
3360062
1088953
2434168
1113214
1177449
2567773
3287586
1068438
4519741
4474678
1085087
4534094
3953069
4564791
1193013
3934899
4523724
4120628
3283834
1197019
3823835
4580165
1027649
2572679
1047224
1070932
2492130
3899636
3656444
4597353
2586148
3861983
1139347
1073344
3248719
4148291
5893823
4473895
1010797
5899158
1182460
5814454
5950472
1179330
3823166
4512719
4469693
4109503
4489204
4454049
5862958
3810098
1041192
4027277
3975622
3981718
1035450
4443044
3742174
5904645
4027633
3610710
2420005
3849511
3880754
4049225
2452181
4056503
1158573
4474201
2497249
4420969
5835842
4562797
3924711
1198788
4007238
2486854
4475371
4481156
2447984
2441506
4121209
3982887
1133280
4485988
3250039
3838706
4466160
3949195
5993789
1142834
3243513
2565302
4016864
3315341
4518333
1127479
4417063
2421191
1070442
4480873
4565781
3885987
1025951
5942473
2488661
4504017
3953451
1074028
5953401
4508450
2483214
4439460
5999280
3371826
1188535
4586535
1178342
5924694
4555962
5837804
1062511
3928889
4404322
3949711
2433830
1090792
5918427
2515371
1177943
4546028
1167277
1007127
4403353
1175251
5801201
4479910
2551448
1167578
4024531
2576216
3845858
5890101
4403329
4196183
4013000
4540241
1118225
3272544
3677240
5846779
4109569
3353865
3805121
2599139
4404096
4553987
1113885
4573518
4502290
5926467
5953575
3913019
1176098
4408361
3985876
3840517
5871737
4582064
1126631
2502025
2403433
4574018
4418877
1094875
1173046
4438791
4091199
3325942
4135976
4415563
2596671
1043636
1180269
3865159
4406124
4057800
3891404
2518826
2535428
4073163
1132839
4067083
5961896
4457531
3908812
5856064
4597632
3250174
4495058
3862592
3922281
4539681
4440353
4539245
2465335
3874319
5906248
2569057
1086408
1025359
2409803
4598499
2598524
4088293
4472281
4032611
3886016
1109895
4439569
2421561
4437490
4426421
4161041
3383595
3945796
3933460
5941309
2570586
4059810
1056148
4089524
4012556
2476838
1056047
4552752
3661351
1093002
3229793
2588233
5897480
4595273
5968918
2452509
1065969
3927771
4552701
5977398
2505357
1062525
4563204
4471167
5858849
4599687
4588180
2503062
4556819
1057359
1018047
2435431
4181541
2442853
5952937
4414972
3818541
3825631
4534125
5870469
1055086
4016208
4141176
5800953
5811036
2595111
3254177
3820090
4486013
3269145
5954506
4489493
4494222
4536390
1044317
2435791
2451415
1099820
5884707
2414461
2461890
4444954
1154116
2481303
3885599
1035272
3906259
1147326
3974937
4432763
3296189
3949571
5942908
1082855
4564320
1111426
3980896
5971724
1028549
5981860
3212929
3306810
4595753
4450904
3825033
3929082
5851083
3855089
1184493
1067052
4575928
4097597
3911984
1044265
4085543
4092162
4109483
4563369
4571464
2569101
3899433
3238740
1030434
3378128
1146017
2407291
3807098
4165201
4561158
3944686
4484242
3890075
4062983
4517021
2420967
4422234
2426869
4580557
5372333
4032752
4126820
5380989
5893021
2514923
1062882
3891289
5894758
5997745
4052623
2485000
2407164
3930212
1082412
3878580
4410951
4004785
2492979
4475973
3953579
1108330
5980439
5974380
4160411
1173477
3209720
5910096
5960750
2478592
3854052
5808435
3369487
4161945
3992845
4186952
5853988
1052132
4502219
4504245
3314320
2408218
3213657
4591115
3294750
4147511
4111911
2419994
1095883
3997686
4178145
2544964
4590299
4481111
5900478
4547911
4127826
5929054
3924093
1002057
1098916
4023798
2563282
3996506
1016041
3937911
3953386
4568327
4525020
3916493
4103161
3908960
1159528
3800084
3254042
2419211
2591780
1171537
3904432
3963663
1038498
5978922
2490862
3870717
1007742
2560181
3817749
4451724
5940556
3384469
3923187
5991370
2477983
2573842
4033490
2513428
5933940
4441323
4547779
4173803
3985943
3801753
4588694
4413515
1036929
5903720
5923048
2495707
1100156
3834407
5862134
4576356
5832147
5896457
1104177
4418651
4152479
5800883
5931516
5962819
5808768
3874322
3962064
3917876
4157243
4192737
3834795
4563041
4156447
4460477
4551444
4575894
3307043
1120964
4198376
3817039
4144520
4115626
2442334
5920809
3838788
1105353
4173918
3986595
3828942
2408387
3940150
3227876
2450165
2487452
3334932
4543456
4534109
2477779
5807819
5877560
4587998
4197559
2551051
5895173
3793814
3842890
3396885
1199201
2556379
1158920
1055135
4548168
2422427
4493823
1092449
4420698
3909658
5887472
5860272
4542930
2405313
4052059
3899758
4586647
1186637
3360180
4547367
3906528
1032748
1047477
3824444
5957850
4117284
5842355
2519576
4075899
5877005
5379627
5927009
1019207
3881752
4503124
1020161
3922290
1033569
4593530
4040450
4570327
4044369
2582507
5836663
4405649
5837021
3608896
3317932
3713402
4463854
4481109
3994450
4098988
2581565
3818846
2596997
5874635
4401377
1188633
3952436
4570732
3227693
5829946
5980971
1011479
1185172
3272868
5872179
2406503
3365619
5851564
2577287
1175729
5802633
3947988
2441377
1020614
4504810
3716589
5990769
1039765
2476067
3361146
1186021
5973153
3971218
5855335
5856218
4498908
3604871
1139676
4027578
5868132
4552609
1023849
2504693
4045657
3967687
3847380
1178059
3713370
4594507
5842012
2430436
3246392
1141309
3838976
4028089
1139968
4077764
3844427
3291527
4555533
1022732
4532777
4147733
4589009
4435566
5853893
4127551
4567176
5888962
5841947
4566933
3248188
4153572
4490737
4481879
3239977
3985735
3268628
5853198
4174270
2581315
3357864
3644229
1032835
3222545
4515406
1116431
3940232
3990107
4154192
5998310
1148699
1123274
1190289
4031310
3213088
4427363
4406264
4437664
5849652
3842166
5833805
2543823
4461080
4552236
4035646
3791903
4166902
3789326
3306520
2481792
3974368
3704827
3944039
1099975
3966909
1160110
1180530
5863359
3228743
4564529
4156809
3875509
4506069
4128509
5870161
3268787
4083898
4461874
4421688
4075449
3870131
4436061
2465018
5828219
4450382
5874382
4015407
5993157
4033446
3389838
5998417
4579022
1054859
2463203
4431191
3818930
2456590
3338300
4524934
2404818
2541310
3856182
4006372
2438287
4084466
2490664
3872522
5855057
5888824
4000774
1131516
5992922
4475392
1012534
3904538
3988648
4003889
4542927
4461235
3233359
5915559
4408183
1102075
4191732
4510135
1059482
3970926
3739623
3719007
3237299
4521406
2459244
3893287
4516565
4132853
3803500
3859942
3235187
4156099
3271977
4025477
4053775
1121127
4404926
5857430
5801957
2599009
3844225
5866478
4482115
4050333
5871510
4467678
4438863
4035533
1070456
5887942
5860129
1095373
3881224
3766536
4415581
1062668
5337296
4033840
5371727
1043744
5999149
4461076
4427643
3318582
1197318
4514494
4474559
3813688
5918468
1049195
5914624
3871783
1054230
3743745
1125673
1185849
4475108
1065528
4009758
3819798
4195895
3963276
3750408
5926708
2578901
4014467
3804619
4064354
3285231
4523496
3912910
3206905
5968089
4155466
3803990
1070113
5990347
3204617
4486384
5305606
2466348
1038565
1032598
3906292
3801145
1065730
4038398
2549448
2574344
1107145
2569346
1163729
4587118
2445257
3309859
3713746
5880662
4408197
4565562
3393177
5916496
5904038
3365887
4181244
3980454
1066487
4027647
4039049
1129035
4487633
3208382
4524369
1013893
2532167
2559413
3884631
3938957
4128086
1002737
4506072
1112385
3355502
5844679
4579186
1010848
5998720
3258744
4596668
4529982
5859316
4163501
2524294
4113369
3836128
2458096
3701780
4522363
1071257
1147545
3765189
3999639
4465360
4517197
3263779
1135686
4546162
5878287
5850810
1074076
1025194
5949031
4514112
5963548
2494404
3313098
4562607
2555719
4131848
2497180
1175888
4451819
1083945
3621853
3939771
2518832
4057674
1054023
3760150
3814947
4047592
1192657
4570789
5942977
2426760
1062556
4504000
1087128
4514415
5826141
4436622
2579017
3221537
5980112
3912840
4082531
5912090
3942241
4520780
2427804
3600964
4588335
5814214
4150397
3891703
2416375
5917750
3695130
1005679
5827621
3902892
5922974
2447772
2461736
4478551
1073605
5921382
1054712
1019384
5817799
1075280
3351670
5915760
3829693
3971493
2502505
3902363
3931008
4156603
2514887
4074968
2408064
3823479
1179937
2558508
4433352
2586816
4484430
2467661
4597473
4464843
3768493
3907498
3900236
4088634
5934020
5807890
5984511
3752483
2596829
3894886
1189504
5996944
5899757
5925684
2435359
2480152
5989398
3812852
3847731
3989270
1134191
4060235
5963202
3343383
3951619
1091452
5912318
5964069
2525363
4550145
3995471
5875194
5828330
4406922
2413676
4597133
2511555
1039310
4514817
3834265
5963004
4502351
5938729
5917092
3839308
4418458
4039665
1068390
4186792
4412229
1029358
4454027
5832337
5928831
4523182
3933694
3608358
5811661
3929653
2525615
3869360
4094366
4571803
5953631
4583394
4141712
2492663
3292053
5880374
3870998
3314457
5809642
5859447
4059486
4566078
4045981
2488003
4424930
5985868
4576631
4544055
3969462
4414300
3911392
4025287
2567082
5830119
5935641
3851597
4511325
1157788
2473888
3356123
3899941
2430785
4556973
1156072
4000836
2465096
3938498
3904310
4523083
4539405
1141241
4524086
1147784
4048100
5881050
3831171
4143526
2429737
2531953
1015888
2561172
4454633
5836058
4427510
2538925
3329607
5804892
2415935
4070576
3964006
4404820
1184894
3879105
1198070
3833744
3240145
5866567
4585605
2436735
3813491
3236955
2535500
3887636
1031435
2493204
4570905
3361064
3980716
1015737
3610755
3890565
1179539
3882771
2452866
1181351
3892389
2472289
3928137
4576696
3732058
1186804
5866317
2546097
3688093
4499960
3940676
3844473
4530807
2515822
5973752
1077922
4437818
4425242
1112568
3910848
3392847
4016436
3637375
3387982
3810538
1136956
3293887
3305488
4463553
5861067
4459222
3975848
2478321
5990995
5939736
2415978
1178884
4543555
4438440
4565036
3809265
4432003
5924004
3682680
1198839
3941915
3855619
1150837
4103785
4432120
4158044
5800874
5989451
3342912
1107917
5865241
2439727
4123789
2404156
1008704
4023741
5820375
3985260
3935153
2429958
4094654
3800002
4085905
4537992
3955218
4537595
4558341
3943577
3890127
3980407
2505291
1047007
4057019
1172818
5834415
1188016
3339362
5913043
4181371
1084261
2536344
4401797
4187451
1172259
1075588
5948951
4446692
4167428
5882011
5847883
4594731
4058489
4591755
4191302
4425658
3821842
4107580
1157387
2560765
4465434
4127007
3802594
5906568
4453992
5839113
2519407
3936488
1174144
3313649
1146931
3228544
4054174
5837773
3600811
3859221
3916952
4067182
4478826
3850031
3769547
1040916
5816096
4188739
5891808
1111649
4423684
5840192
3774780
1061767
4439176
1005413
2447703
3884981
3356052
4461521
4143212
3614862
3987460
5837292
3869205
1130430
5971878
3645664
2421830
2495473
3956708
1194857
1021798
4141363
3715070
4532270
2544761
2594241
4571962
4012695
3938044
4129470
3829585
4442240
3612229
3315364
1092781
3976835
4184424
5948634
4040858
3802700
3926719
4572942
1166897
3902249
3922406
5988522
5880907
5961361
1075592
4419382
3837090
1104586
4059405
5924814
2554586
1172361
3720591
3934114
4527783
3780620
4164471
3920294
4433898
3605583
1094799
1073288
3805787
4541936
1194727
5806526
5902017
3256224
2539596
4457416
3823457
3890654
5984135
1168321
3987926
2487059
3226417
4448569
4420991
4430511
4530457
5802925
5982284
5995870
2573465
4183269
4561132
4472034
5848814
2567862
4498707
3911769
4552362
3973015
3940628
1093193
1185922
3817094
1089499
3939695
4597256
3872084
5830839
5975621
1073879
1062747
1174507
4420197
4587471
1047063
3966215
4013017
4144486
4553576
4175664
2496502
1098505
2556340
5844360
4026610
5858360
4162482
1188030
5942950
4518881
5893375
3825721
3838181
3805951
3975824
5945465
2574259
2519156
4495044
3694838
3853300
2574021
5992071
5942133
3827299
4467276
4511047
3627591
2563886
1012332
3739059
3820439
3764784
1127949
4178741
4442759
2480079
2472258
4031296
3863733
4193724
5929450
4489387
4531192
2508032
3341273
3303938
1051102
3833351
5827536
5379980
2550077
3918782
4107419
4480679
2497085
1044247
1196712
4537379
5366218
4437653
5978544
4123131
1006879
5869689
5946725
1054145
4567892
1191468
4055126
1172481
2527644
4524815
3807976
4081342
4441340
3816437
4113190
4126134
4470535
5824306
4551012
2434520
3395092
4055277
1036761
1044552
5841482
2508635
2529775
1145594
1038931
4595295
1122581
5981222
2514102
2418519
1089253
4534082
3855437
1042047
3813942
3286816
2579075
1025703
3942092
5940967
3204402
3861956
4486459
5898370
4095772
3382823
3208412
3258937
3227880
1083303
4104530
5921681
4522113
4401904
5863042
3958220
1136546
3247325
5922522
5866247
1128174
4451772
1001123
5945825
5906078
4470554
4458544
1144568
3326128
3977849
5983772
5830976
5912817
4074787
5887812
4132084
1079250
3891916
2411809
3873386
2555242
1111808
1043118
1150469
5875097
2477294
4426776
2583781
3391349
4424984
1043941
5847327
3706403
3673342
2431411
3922672
4135511
4164515
3812427
4572367
4045413
1015031
3877927
3894718
1010299
1080375
3238250
4430432
4000803
2538853
2525268
4542553
1133904
3387626
5923260
1090967
5930939
5907741
4423475
4043306
1192802
4093065
1068944
2547830
5833243
5901519
3854610
5974158
4490798
4039779
4153871
3837776
4018483
4091926
3883711
2561480
4521235
4088570
3992632
4020868
3307948
4462705
3246431
5893702
2492267
1039999
5899175
4416615
3802610
5879768
4487239
5818391
3397738
5807598
4547983
4152139
3310664
4013151
2405469
4110580
4023944
4567251
4555678
3207535
5923562
3917778
5972576
3921284
5916512
1131875
4484370
4438748
4508992
2476219
5915774
4432402
3867814
3789768
4064335
3887726
5806136
2485486
5872648
4583872
1169668
4082852
1028022
5894433
3909644
3391099
5843918
1181577
1128043
5833100
4400860
1160589
1118260
4515395
4034420
5804096
3212104
4552799
1050034
4438418
3751809
3921167
3851668
1176041
1176012
2419626
1118370
4462295
5946711
4446581
1031344
4543694
3858165
1178623
5907307
4498484
4408686
4403626
4162799
1014367
3827044
3352537
4159894
4057767
5949865
5832876
5947233
2503307
4062829
3810894
4017414
5857845
3398448
5857087
1063533
3973818
3724648
4506867
4132027
3930623
4488985
2510027
1103556
5962854
4581063
1017518
4406088
3893642
2593486
2492245
3934364
5808160
4438359
4474654
4455062
2426228
4145009
5868049
3990163
5946996
3882355
3694691
4587368
3327287
3921798
4530822
3990792
3226952
1191915
4025959
3205482
3875913
4521459
3893959
3983119
4545141
4097788
4097630
3278240
1089946
5938062
4535403
3772763
3375605
3822608
4474032
1091827
4039328
4557640
2517684
5919424
5962736
3972656
4039796
2452668
5968520
3990369
5815997
4506852
2424988
3317615
3848979
4109004
1075547
1086090
3799086
4048886
5919590
4174014
5915058
4533521
5986066
4590032
4012934
1090122
4018975
4035486
4051283
4400636
1015456
3994965
5810038
4163910
1075783
3327889
3894403
5890145
4524602
5943250
5316969
2456239
2441678
4412445
2483138
2599902
4404510
1020563
3334180
4442894
3991191
4003826
4498579
3287846
1133321
1007824
5899424
4571869
2587863
4575525
4430630
3360682
3365547
1016538
1017982
4083266
1148772
2517012
1182806
1170102
4520019
2542638
1112186
3672825
4477355
3857954
4467607
3828796
4522460
4448741
2489068
4138292
3945455
4086195
5836918
4533179
3936222
3217945
1082891
2426429
2575239
5904009
3940418
3902378
3876006
5809210
3228830
2468445
4085636
3805902
1054199
3639497
4428246
3380520
1177087
5901410
2460453
4546744
1014027
3209850
4194668
5973767
4040551
4549733
1046944
2468103
4154977
4092905
4172163
1085427
4414730
3825640
2519924
1166001
4560206
4568603
3345748
2505129
3263647
3876476
3826730
3967140
4555663
3924904
1140574
1192849
4436783
5806325
3804343
5873990
3202226
3974278
4198002
3992087
1133486
4027731
4502327
3981250
4401824
4482388
1012567
2400333
2466458
4122237
3887219
5822559
5958304
3999023
4475984
5959015
4018764
5803921
3654208
1049058
5952610
4421507
1129683
5841129
1020864
3698880
4085349
3296581
4539276
4505916
3998074
5989427
2439580
3359792
4436663
4067564
3269180
3385892
3222206
4516923
4531644
3986439
3605262
3820674
3979448
3927135
1157684
4586942
2558330
3926600
5962108
3320423
3844845
5826642
5800162
5847566
5876165
3213981
3948913
2541181
5886034
4504756
4555382
4574975
1175062
2444917
1012991
1178561
2591609
4589143
4011893
3989743
5802974
4490503
1023136
4038337
4016762
3869544
4546246
3802874
4571646
3922246
5849108
4430181
4401940
3991212
2405581
4154982
5301091
5978065
5988731
4559277
5800290
5872543
4575542
4185438
4463074
4142162
1073407
5978604
4011291
2529290
3898604
2577549
3812072
4129116
5904769
3882279
4505177
5999267
3624902
3833316
4430119
3788893
5879773
4001388
5968252
3234714
4416378
4417408
1054378
3968548
3927190
1089136
5976053
1004866
4122309
1160766
4426141
2575829
3979898
4117694
3859718
3836536
5952349
2431591
1029344
2555693
1163354
4561016
3370211
4513221
1047584
4420501
5356812
2419256
1023981
5984372
1126907
5960593
4409255
1086959
3943761
1161393
4423602
3242642
2428973
5902887
2421309
1194138
4043121
5926679
5815938
5894196
4143816
3393496
2507805
3368091
2467072
3893331
4513938
4414576
1150027
3939037
4185230
3807086
3364316
1166123
4548678
5964147
1054363
5968855
4552530
2593366
1148724
4405372
5990537
3852340
1119215
3843737
1053427
2529744
5873187
3251002
3393347
5860568
3956110
2529373
5906516
2508996
3641767
4027762
2474880
4462639
3821052
4035377
5845552
4470250
3831632
4495738
4484091
2514690
3381025
5833282
4501682
1021474
4489240
1143925
3849218
2411717
4140399
3394223
5986972
2403838
5935393
3991136
5822848
2501174
5844401
2505502
5971541
4124361
5998747
3843694
5339751
4190203
1194082
5946836
4115557
1003143
1050219
4501363
2465932
3822442
3986713
1129415
1139359
1101938
1194463
1061889
3873114
4528266
4462307
3343721
4404572
5826734
1133441
1113407
2468868
4027925
1166373
1179140
3886886
4596005
1098011
3391222
1085114
3334101
3805973
5958906
4415277
3934449
2403691
4064569
3964311
4112405
5912638
5944291
4576298
3917495
2463656
3992813
5975273
4041543
3392251
5827411
5898398
3996904
4451505
5834609
3829579
4446829
5964024
5870073
4071983
5899983
5822276
4594805
4425781
3230584
4458631
2506384
4581170
3286499
4428860
3809567
3991743
3832623
5990724
3944972
4119631
3951931
2512263
5901367
4062436
3376974
4505333
3922045
4061711
4162203
4468352
3903097
1104703
3916980
4543615
1072752
3828983
4004126
4400825
4199114
4017610
5974193
4046896
4486905
2520690
5846189
4172285
2515333
2454935
4591457
2449081
2528092
2453711
5973304
4424462
5993775
5855621
2564022
5934802
1092754
2465322
3343360
4155683
5930781
5925324
5941434
4061588
3755679
4543591
4404524
2434738
4188593
2542767
5848227
5979905
4560220
1062538
5844517
5818706
4472905
4489279
1158971
1074219
4437125
4044053
4450592
5829124
1011261
4580010
3328560
4591512
4088505
5961111
5813603
1137104
5911928
3874199
3896815
5863645
5955485
3361747
3310605
1176627
3204225
3388325
1028858
2446452
3326806
4572692
4010977
1196128
3848089
3964830
4482854
5973396
5883216
4584428
3220979
3995290
3885197
3219987
4576981
3874975
1037487
4458575
3905618
4565763
3846013
5805426
3994357
3778418
4543176
4593832
4564995
4033629
4544852
1094527
3997422
1152726
2401024
2401722
1036937
4585463
4576237
3310730
4147913
1196295
4456372
4053222
1002989
4530371
5958439
5921848
3253262
2499309
1066380
5915168
5830432
1190244
1064946
3818258
2452649
3399966
3923851
1133506
4433925
4541903
1182249
1035584
3869103
1184976
1182677
4553641
4469600
2488106
5829006
1159332
3928164
4484617
3213618
5885780
3782539
4590848
4564984
2571451
5897047
5807371
5886235
4485272
1055695
3903927
3335041
1185782
3868028
2447143
1136864
3218007
4578896
3820450
4155832
5843429
4061464
5957231
5998843
5965817
1078370
4594126
1020911
4544353
4149857
4199159
3804957
5989504
5874869
1190973
4459123
4513376
2562943
4044400
5803341
1046820
5847905
5846731
4479576
1069232
3813762
2435115
5880618
5986818
3269409
1002806
4563146
1052757
3835410
4480963
4520186
4153639
3317900
1040598
3358774
1071511
4073257
3968202
2519317
2584572
3914410
1164211
2576425
3856226
2474693
3625966
5951677
5809799
4576963
1166577
3868222
4548635
2560538
4474044
2586212
3851538
4047228
3949184
1104496
2451129
3786133
3932628
3995488
1087460
3314347
3880693
5806311
4150696
1048649
3948119
4516635
3855607
4536814
4511946
5829191
5890820
2448446
4162638
4402942
2503888
1142540
4441494
4534567
2426783
5960696
4529402
1090511
3876071
3871979
4147945
1076182
4426549
4014205
1161903
2451530
4509111
2442671
4133921
2593622
4416346
3818333
3824720
5857036
4504979
5951295
3842916
4115531
4468590
4473500
5987783
4556217
4013979
1158660
1139289
3884033
3342811
4465721
1049075
3235895
3654535
5883712
2418997
4589200
1088278
1166052
4020827
4058135
1132372
4063632
2573594
3201831
3299371
2528155
1129482
3347538
1182483
5985623
4566817
5817129
3988131
3390170
5829136
3842194
4078028
1065292
4553924
5850547
3600492
4571321
2471751
3950384
4508893
4413758
3215951
4576092
2572963
5313083
5862871
2427831
3742233
4110716
2564527
5992397
5801824
4085278
5842262
2587060
5996062
4183674
2482379
1161292
4534612
5808879
3816756
4503532
5916819
4579078
4464458
4405086
2509400
4196823
4470328
5828809
4529921
1173236
4462524
3905816
3630064
5998190
4148683
5889204
4487938
4486099
3864878
3963797
4071870
1160679
2430581
5926155
3951622
4556916
2413347
4171019
5839273
1110268
4514385
4444816
2455955
4475854
4458374
5865517
5933276
3310454
2491805
3923739
1158494
4452664
3823150
4557237
3972701
1158728
5872302
1098289
4583588
2472139
4174124
3840360
3946677
1081870
2516188
1143692
1167779
5978766
5933201
3869401
1150731
1060781
1178657
3603188
3918020
5896423
3347511
1158817
2588160
4590130
5897103
1128749
5890871
4487277
5971261
5884632
4593477
3780909
5939819
4445160
2403034
4019634
1002900
3950465
3364052
1126946
2519142
4029037
4499376
4192786
4417164
2581498
5960721
2587634
4050423
4105290
4578991
3304660
3719450
3360442
3241934
4451479
3973991
3961224
3813614
5800669
2423282
4130897
1025772
4581007
2446264
1138483
4505462
1164114
3314166
1072568
2411883
5873868
1141212
2476937
2432543
5828687
3382478
4521842
1166465
1157714
4079325
4078986
3728781
3923241
4450654
1006768
3373940
5954276
4073324
2526525
4058759
5987711
3841265
4071665
4033972
4497990
4010010
5831766
5810232
4130515
4131299
1043648
4514054
4056057
4582231
1155564
5949390
3636646
2453130
4536031
4551934
4185113
4183832
1127150
4573966
4131151
1045221
3965375
3322059
3675217
5952793
3997156
3917430
3823930
4017842
2553012
4198841
4539506
2552058
1185187
3265028
1055574
1018954
3922104
5842627
3988492
4547829
4191669
4439591
4493039
5828254
4053302
3671975
3898782
3973936
5879233
1175764
3379457
1124381
1135612
3313901
4124545
5864928
4551525
4493653
3844398
4416079
2461634
3889293
1182101
3928081
3941337
3926192
2435009
4593817
3983432
5881969
1139217
4421345
3250751
2511705
1051130
2591272
4093148
4510771
2481913
2448545
3671018
2526391
4063188
3708390
4499221
4463404
1101448
4491107
5344572
2509952
4137787
2510535
5960033
1145052
4595615
2574183
3847723
2442175
3885653
1082130
4525401
3239834
1085876
3978120
3704954
3964110
4557270
3893920
3279803
3930434
1073576
2494736
4128649
2555024
4416932
1105828
4128597
4199024
5902869
5849056
3853481
4569884
1133195
1028584
5941827
4533809
5976400
3391162
1153679
3389433
2507997
4481804
5849822
4461465
4090266
3942467
4133449
3855093
3322229
4088846
3853389
5917816
4462096
2527921
4587811
3262813
4540401
5961156
5919911
5924145
3929111
3806504
4510574
5903747
4522456
4532059
5962878
4173797
4171287
5386863
5822520
4582967
4088150
4575684
4400263
4421909
4475150
5922606
1005110
4464005
1135389
4054599
3916257
4074479
5813874
3876033
1071602
3227781
4142543
2530248
3676329
2432316
2439206
3380848
5917544
1082514
1198759
4022365
5803735
5805630
3755467
2419735
2472365
2535374
5998511
4543798
4469133
5898754
1040009
5974864
5802243
4453638
1049760
1014117
3955231
3950521
4168763
3700188
4407143
4121801
5865623
1018618
3877418
1000141
3722502
4575098
5955289
3328303
2484811
3939850
4477684
4479885
2579201
4143065
1030270
2470715
3813294
5963460
2550501
2532227
4466784
3322517
4452857
5991036
4112276
2454946
2558327
3863850
4403834
5864945
2455831
3938738
5974051
4410121
5843058
5902201
3874128
1035210
4596303
5946032
3866861
5816820
3862931
5970663
2444040
5973224
4554222
4407226
4567031
5828726
1100344
4132563
3780243
3820396
4457908
5898386
5827572
2433476
3933608
5813941
2546512
2447680
4163138
4126572
4578375
3295109
2511569
5972795
3982622
3382247
3852408
4537105
3943905
4525311
3339660
3256466
5857188
1193099
4016671
5999622
2424861
5980078
4570912
2404749
5905596
3909939
4018591
4494420
1087643
5859118
1194259
3824369
4138393
4461842
2437475
4028559
4418355
1029292
5849275
4570052
3352388
1032083
1162038
2459995
4452446
4543167
5875736
4548810
4506707
1113481
5928823
4485625
3838934
2578444
2574109
4426875
3792854
5893804
4048581
5800420
5899671
3370531
5942523
1080576
2447306
1153309
3886193
4405310
5980494
3815076
1007228
2518844
5813414
3940984
3687051
4002197
4138840
4008270
1141708
5960264
4429014
2502365
3274454
2549436
4154364
1030480
5877771
3662569
4187763
5878674
3839127
5874985
5897851
3391492
3929730
4527382
4487581
4574199
4465383
2560279
4038557
5913698
4496881
4002407
1172422
3264224
4021751
3897977
3984667
3887327
4501737
4148236
4465311
3704946
4155022
5830262
4038504
5824261
5994612
2513526
4454812
4561030
4165464
4034603
4494368
2555845
1022793
5958573
3829165
4539280
2416082
5904930
2595066
3269062
4069105
2487946
4169911
1081647
4541039
1097015
3903440
1126237
4175910
1191579
2503381
5851748
3855646
4505121
4407613
4482097
5829169
3675306
2536768
1122974
3794518
2479218
4167558
3856392
1107865
2451800
1198218
1015753
3811264
4197315
3311424
3873484
2465354
4073240
5964484
3714926
1181610
5969231
2510731
1144752
3864166
4092648
3276932
2597672
3937614
4136526
4055117
5822709
4531242
3218272
5934743
5842668
4522798
5898305
5920028
4503309
5817752
1154044
1093380
4487399
1190787
1061090
1108492
3933814
1073637
5849628
1018623
1179897
4191222
2581904
1192092
1127496
5823747
4157864
2571256
